6 30888288.5 0.0152157758079629 0.0421191263800312 0.0741418003783595 0.053841233869089 0.0386505696843311 0.0571317321602367 0.024700049501417 0.0775395215945887 0.0161185451103507 0.0113002971690286 0.143818057591246 0.155642253663591 0.0243329213547122 0.265448115735056
7 74242978.5 0.0618009492501313 0.0565085879904297 0.0778399696551187 0.0681033476628606 0.108915754050847 0.0540489019432395 0.0934384057266237 0.0735177692621914 0.0552943064443969 0.0480373086424556 0.0857019198972942 0.0751128207123266 0.0600604952440234 0.081619463518061
1 161525717 0.0475662408825799 0.0437867728697774 0.0788609398187916 0.0450057995279213 0.0666359893234217 0.046300193758028 0.0801556711131736 0.175539906185574 0.15711361344633 0.0390420538917239 0.0631132968755625 0.0562878464194943 0.0418876179168808 0.0587040579707409
2 113247459 0.0202381114904904 0.0181575262431145 0.0155546446702099 0.0195830788140297 0.0315556228516447 0.036554793530782 0.027224436764512 0.0218248962244458 0.0195222091172436 0.0143408223137604 0.0203214627008942 0.0231559869587156 0.0175397496414663 0.714426658678691
17 40076078.5 0.0656524056308512 0.0636626821721522 0.0498972198666638 0.0655699312490296 0.126981206025238 0.0600601538192367 0.0888589191252757 0.0742023058278721 0.053569679528754 0.0533327448440836 0.0620149846808552 0.081537380182937 0.0633199338008148 0.0913404532462362
17 35876142 0.0125752320451677 0.0145921623272239 0.0557610632878041 0.0469389963954731 0.107617059598085 0.014072412199619 0.0482284670207352 0.274594280050894 0.304793778142513 0.00989055252341444 0.0183514543045956 0.042409779014463 0.0121604833414558 0.0380142797485557
3 184572096.5 0.0663142206477733 0.055472975708502 0.0527566801619433 0.0653857793522267 0.0861621963562753 0.0647311740890688 0.0931372975708502 0.081605971659919 0.055979048582996 0.0464793522267206 0.0672071862348178 0.12098213562753 0.0618193319838057 0.0819666497975708
11 64311133.5 0.0641097148448079 0.0628897985794394 0.0432287505565363 0.0579487947148364 0.13839427088531 0.0695861587710401 0.137124762044911 0.0731852265527903 0.0531429899356438 0.0382484673051728 0.0610293839883312 0.0672187534827566 0.0462557065525347 0.087637221785889
14 22842793.5 0.158311775272189 0.0544219988671233 0.0438710862121852 0.0586285502894968 0.0787612458148929 0.0525479758685354 0.0773397450594145 0.0677918324179887 0.0517748342985091 0.0618389276846635 0.0964171752226616 0.0754703200364547 0.0551467701833673 0.0676777627725179
16 67157047 0.0569079548751867 0.048691052587094 0.0493600729686663 0.0574766759530192 0.0823536850358599 0.0515484100053588 0.0767866602818675 0.202856560157126 0.0570435238712445 0.0389762718967115 0.0615295020353108 0.0942154036412593 0.0474760467357382 0.0747781799555569
3 171705677 0.0694470709095151 0.0613385057614508 0.050753776740226 0.0681146593772401 0.109379012240214 0.0589636368987219 0.101785683603545 0.0725986215769762 0.0599267139129089 0.0598559490428543 0.0676047719842977 0.0791104641146117 0.0616012762667246 0.0795198575707133
1 244852599 0.0826916699628032 0.0410589665649738 0.129070550690206 0.118318797076555 0.0455651582001275 0.0348921924858047 0.0392911075335927 0.0509980445556025 0.0748529428101349 0.0604395925378686 0.0826361706614043 0.0770673712850022 0.0654978119749411 0.0976196236609842
10 119057246.5 0.147737103553107 0.0361546173409135 0.0607278666094804 0.106798426252965 0.0531417439416259 0.0311792897969384 0.0468135684722996 0.0395962709105309 0.0847662745369041 0.0328663885687146 0.0576897245519047 0.0835790910281398 0.0351442489115061 0.183805385524971
12 103941876 0.0817989210437218 0.0235903331283383 0.0233187592172465 0.149857943365194 0.0314975825509557 0.0187650681398315 0.0388379603089971 0.0241178004380155 0.0525839727858447 0.0675800587426448 0.0702416433547726 0.0755415194787441 0.0208701146161127 0.321398322829581
23 65665154 0.0823824360852609 0.061727503456245 0.155716732352516 0.0477064977405443 0.025834141510018 0.0723025813507212 0.00641726678084312 0.147989187627675 0.115046530342736 0.0317355508325939 0.0940820832387595 0.018457379856798 0.0157646039246435 0.124837504900646
19 38689619 0.0517210107013799 0.0516931061906157 0.0308344843944024 0.0968286523516526 0.0230351736358182 0.0579855733679349 0.0381454662146136 0.140401545909896 0.0195471097902976 0.033987694110753 0.143833800733889 0.131486054720746 0.0173426534399286 0.163157674438073
21 26025839 0.0394666878589235 0.0938851940144579 0.0255964887091252 0.187373001848159 0.0430206917445605 0.0601365369546344 0.040491135089622 0.0613745431702185 0.0337922869895945 0.0386370459815685 0.0702736547279123 0.0976506757871853 0.0377597320419012 0.170542325082138
17 68531549.5 0.0651725501794105 0.062315721253131 0.0485809140135675 0.0971273350045171 0.0450275571619038 0.0413656127742852 0.00718356180943416 0.0593448753947641 0.0414643841860423 0.0377691820615252 0.110126127347413 0.0785131106847862 0.143121609299838 0.162887458829381
6 7564165.5 0.00423971036585366 0.00298526422764228 0.0454458841463415 0.174955538617886 0.0450489075203252 0.00738376524390244 0.0226911839430894 0.00447789634146341 0.00258828760162602 0.000920985772357723 0.192104928861789 0.239043445121951 0.00120680894308943 0.256907393292683
8 116860400.5 0.0540351238505099 0.0503618228095678 0.06526567810089 0.261797267849558 0.0427925852486892 0.0319480859987438 0.0317702149921119 0.0285944647235243 0.0668377154708609 0.0309994422125509 0.0648710965342911 0.0612486779510105 0.0515525368852717 0.15792528737242
4 10095644 0.0536651272072661 0.031608376709551 0.0776858034187168 0.134638794736068 0.069073214454723 0.039768786777425 0.0514411933615534 0.128100861133537 0.0483654935692892 0.0391573540872406 0.0757632675320031 0.0752242066963061 0.060422894905534 0.115084625410787
2 231468586 0.101010320951095 0.0569539403968703 0.0960748450405725 0.10074177299714 0.0266007635471556 0.0252870559886194 0.02848059922484 0.0606192570657144 0.0872127625600604 0.0621289320501096 0.102614350622015 0.0963143607832891 0.0480410515466911 0.107919987225827
17 35652229.5 0.0655325650092014 0.0401322557047769 0.0682565100105778 0.053503794096767 0.0426543343783908 0.0590093849954137 0.0360620767614219 0.0459636745637792 0.0275161135101684 0.0244104811497441 0.044680794758044 0.05004550331782 0.36194353417131 0.080288977572585
3 184179390 0.102978745818958 0.0864389370275751 0.0659880428770839 0.0489083199452185 0.0662777529036846 0.0293133872369565 0.0424030129842766 0.118149016302773 0.0269430324738603 0.022623719349996 0.16695198714741 0.121928415286154 0.0434169980773789 0.0576786325686744
17 59658322.5 0.10208210114981 0.0538920887052496 0.0439228676121359 0.106786300449337 0.0528711579315413 0.0555494275207283 0.0589233344102216 0.0473846316761131 0.0687844778718712 0.0562508175250596 0.0941153513469055 0.0980575841615803 0.041342594641457 0.120037264997989
17 38895814.5 0.11651450583669 0.0381632518803862 0.119124021431652 0.187117618250528 0.0273524015583998 0.0506918505632022 0.070500778468938 0.0867207087356641 0.0681397881687341 0.0125724560877733 0.113298296139817 0.0348958752110638 0.0190706615889538 0.0558377860781977
1 54040092.5 0.0555378394581425 0.0511562942459533 0.030377437912165 0.116235315126854 0.0123920558184624 0.0530632549714913 0.0505504037144279 0.0538732349452147 0.0536372565276733 0.0251667793410462 0.142664897891501 0.144782325854306 0.0504611145834662 0.160101789609296
1 201496493 0.017571050008509 0.0283045243478472 0.0252899132083728 0.18609753725719 0.0561775216979068 0.0285719495295748 0.0344978484428561 0.0935015680840201 0.0335740159968881 0.0578671626188219 0.118201930323584 0.209588408333941 0.0277392847591958 0.0830172853912917
5 139312675.5 0.0944020107636878 0.0215617989342984 0.0548604816791956 0.122291052218018 0.00715182971409142 0.0109090329378917 0.00699609405720864 0.0104796278436737 0.154342882913632 0.0710105447517402 0.0244297646353521 0.0630834330480804 0.0256006594329653 0.332880787070165
1 40056441 0.130040823148128 0.0210308094989602 0.0815136723254649 0.129762387375538 0.00792296154582654 0.0213523753814839 0.0168678165805867 0.0922022874835407 0.111943430169372 0.0299903637013523 0.163248141616233 0.0734127047283088 0.0216038378924686 0.0991083885527371
12 56675874.5 0.0390843515383483 0.0390475489474459 0.0917562196378625 0.161011335197998 0.00735315766229943 0.0276166642131606 0.0311717944943324 0.0600176652436332 0.0724422199322832 0.0353967319299279 0.107286912998675 0.0864492860297365 0.0967908140733108 0.144575298100986
14 100355297.5 0.0222628615416457 0.0209576017284828 0.0336408552578188 0.0187607061063793 0.0364748570224981 0.0148187517014774 0.0203147131023608 0.228317290811861 0.0490182240898391 0.0104609711127815 0.422816838587985 0.02051693812035 0.07515170394283 0.0264876868736904
9 128689912 0.107827226813786 0.0423466499644704 0.177051586760084 0.0788690117975906 0.00610008695211264 0.0364796392609079 0.00850177583686445 0.0404194351572858 0.092305117072315 0.0470447483711567 0.131856659578216 0.0865550690689794 0.0270381443895756 0.117604848976656
8 133269596.5 0.0315996847911742 0.0288129522172075 0.0260262196432409 0.0360699190486425 0.0202664947345798 0.103474460921269 0.00945626477541371 0.0824700909807293 0.0265993265993266 0.0341571745827065 0.116104305466008 0.406841464288273 0.026742603338348 0.0513790386130812
17 4947356.5 0.0600695634724882 0.0202252451861575 0.113003018318938 0.0673937944700384 0.063092062908121 0.0207018218606557 0.113692800347817 0.169305953864034 0.0745006396160631 0.0194476727172395 0.082757121476886 0.106004866098676 0.013339966388803 0.0764654732740817
1 43574426.5 0.0331287215185177 0.0261033942435182 0.0384927087040849 0.0785713663798706 0.0389610939780305 0.0300434897182393 0.0569493124591873 0.0743381842356214 0.0242329458823753 0.0194686848292604 0.257519933595989 0.234554882785436 0.0259951888491389 0.0616400928207303
8 100934955.5 0.10899838560801 0.0465017215249352 0.106763979197299 0.203663817433514 0.0056680088999522 0.0259891975637676 0.0082556464866624 0.0157203628132455 0.0780330568608655 0.0357794437183948 0.190765022243378 0.0446809572482387 0.0661570251018127 0.0630233752999239
2 241272162.5 0.0855156774622832 0.0519412789182081 0.0365957138439735 0.0566578620878861 0.0572970315065726 0.0435698975880206 0.0963586403563528 0.090818365530382 0.0413431191874173 0.0390909761618034 0.0758916031830878 0.141565830727939 0.0830205588702873 0.100333444575787
1 32335036 0.0224524009100707 0.0427673332535026 0.123895341875225 0.0728475631660879 0.0259370135313136 0.0130822655969345 0.0210034726380074 0.0499341396239971 0.0584061789007305 0.0320380792719435 0.0281044186324991 0.123260687342833 0.190168842054844 0.196102263202012
17 7241228.5 0.0537059573481688 0.0839744146963375 0.0553213375057951 0.0452596198423737 0.122978963838665 0.0568787668057487 0.0537747739916551 0.0636046882243857 0.0526483541956421 0.0461397484932777 0.0699684167825684 0.0573967025961984 0.119588838664812 0.118759417014372
19 48911842 0.0442122393470413 0.0200119825103386 0.0206058720171822 0.0275042005503949 0.117761106639538 0.0459355645176786 0.174684040683958 0.138371531476907 0.0237143326835913 0.0224502125361077 0.0764028130344093 0.0845905664284753 0.0144392185161542 0.189316319058223
1 182386955 0.340163880326704 0.0266130599998136 0.0419215040824729 0.0456206017582454 0.0426650019704652 0.0264213929998749 0.0475880589915619 0.0689183632112123 0.0252834658609284 0.0801005214265767 0.0742181172079652 0.0308591634737155 0.0829272127132537 0.06669965597721
11 18401492.5 0.324405646464732 0.0649677454052417 0.0533679797782514 0.063742099110345 0.00386375795042501 0.0361862869144567 0.052000803888101 0.0351502902771999 0.0384337768870849 0.0907346235171237 0.0700260131396076 0.0554088365418093 0.0380827834908558 0.0736293566347659
1 156014999.5 0.0620486761166087 0.100366202398831 0.10844117102475 0.0616886456683194 0.0488818482934557 0.0560824572592425 0.0638282551895818 0.0861912893204682 0.0776122780669451 0.0800193387783653 0.0828481494434958 0.0406731540724587 0.074629168638262 0.056689365729216
17 81851892.5 0.0656521003299862 0.0421404591385476 0.0167061913656854 0.0410581941034939 0.0427625689546979 0.0173249826141188 0.232695083837532 0.0956244285549413 0.0171899517055967 0.0213722640166024 0.102948895297987 0.153297671803742 0.00890569995124196 0.142321508325827
1 152040206.5 0.182663365510335 0.0112999693993936 0.0483433944418171 0.0176537680474031 0.055926781094389 0.0199460316577183 0.0118785990485993 0.209035524522213 0.0296046958021532 0.007282944334715 0.26527943917434 0.0991181461596239 0.00526886805574874 0.0366984727515509
20 45894482 0.0724216825061598 0.198647357570272 0.0240860863880927 0.0624842862171268 0.0535839995977272 0.159438326544979 0.0594043847739729 0.105458339618846 0.0486938703675768 0.00758661437119726 0.111724996228692 0.0304721677477749 0.0207421933926686 0.0452556946749133
1 235119089 0.0668607380987139 0.0355784890244 0.0644387165973796 0.107321346973468 0.0278375916394777 0.02970144261422 0.0340218154252636 0.0685507235773425 0.0556200268717477 0.0579612656771829 0.0709642070362676 0.120008090973107 0.0370572701863367 0.224078275305093
12 55727515 0.123146741440205 0.0673531763284434 0.0320539437667821 0.0702907081829151 0.0838027033760448 0.0330960836708075 0.0520158079596692 0.0951164347091208 0.0467464880699406 0.0444081866602836 0.156094645843409 0.0510208900200449 0.0434637473722605 0.101390442600074
19 14522269.5 0.0256999860616147 0.0524609960833109 0.139555252687295 0.0192437591590093 0.0244805618816591 0.0251447476134324 0.0511851196578628 0.175143627386653 0.0704160973458213 0.00716652011288057 0.0972778403848274 0.0818795132262993 0.188547268601389 0.041798709797945
5 151674035.5 0.329524306586209 0.0475080716724976 0.0163358524975923 0.0368194787257701 0.0252663735505495 0.0127080050587551 0.0106582517327154 0.113982603164019 0.0296553968351468 0.0149043965646118 0.15861282420703 0.034810635560829 0.0677380078019507 0.101475796042323
4 102831639.5 0.0737505981756875 0.0494472056915319 0.083632613319405 0.129967690051314 0.0240376997503363 0.0330643009422129 0.0532118433218291 0.076889038644955 0.0646279253485268 0.0417375562255306 0.127817656998989 0.0846225369004098 0.045902175365917 0.111291159263355
22 28797576 0.0115009620165597 0.0197159348855308 0.048360248178654 0.0705406749248762 0.0192619495427719 0.0119549473593186 0.196229759820135 0.0846142205504032 0.0377672568476123 0.0108740298765592 0.121949110404912 0.255874786518797 0.00838791966621268 0.102968199407657
2 20042139 0.0733056572256749 0.0655334201282272 0.0246554815888378 0.0754476897000663 0.0346729224495812 0.0617750374610037 0.0395735586725294 0.0811884349898057 0.0297157876636616 0.0446756245547668 0.157097939030681 0.0819916971677025 0.119776953499226 0.110589795868236
3 12838033.5 0.0861086466935099 0.0515525830887873 0.102998020883096 0.0606810891967515 0.0437719238381219 0.0374612707295434 0.0506339998635092 0.0870934279669692 0.123926158465843 0.0998061830341909 0.0504326759025455 0.0766819081416775 0.0718187401897222 0.0570333720057326
11 2386798 0.0639884927566012 0.0158789684578239 0.0214168293434707 0.0312211034624473 0.12337665673482 0.0193260043152163 0.186496969074283 0.124214014178568 0.0315036473851844 0.0196188225624165 0.0487542381588411 0.114610089386623 0.03064574129251 0.168948422891195
17 44349176 0.0341145983317778 0.0181007458613 0.0230904413330368 0.0213174351705695 0.0670089444427241 0.0286921470751599 0.0375475329506435 0.356387425805909 0.0565155337302299 0.00686448847789089 0.195526441345953 0.0813869661677066 0.0149722692849018 0.0584750300221975
13 30537150.5 0.0750672137182213 0.0417498323442514 0.187709518969377 0.151932496986786 0.0224814555972716 0.031089312542832 0.0248376713392536 0.0329837942639416 0.0828372335876173 0.0517423157523203 0.0450367409662785 0.0986412258595177 0.0345244011673659 0.119366786904966
6 38689535 0.104378373488526 0.049995476886892 0.0345565841449808 0.0823357356089618 0.0063323583511745 0.0308174773090492 0.0320839489792841 0.0693845550764406 0.0565087597623858 0.0582576968308054 0.0472363778910231 0.294394355154841 0.0168712118927721 0.116847088622863
16 70550730.5 0.0632808440280551 0.0576334026170235 0.12036805245208 0.0454362315292459 0.0822301745603657 0.0539433058778739 0.0879372191156281 0.074743811852993 0.0587144559996045 0.0569098876748103 0.0904248206965279 0.061955305159104 0.069239246305324 0.0771832421313641
11 62566841 0.0739456813020946 0.043709051357338 0.0837118315504014 0.0488482036790815 0.0942996250020415 0.0493602469231441 0.0759688748876929 0.0725969457604308 0.0885034921103468 0.0651572723411594 0.0602514095402725 0.0976854179358078 0.0579360420642346 0.088025905545954
5 138564586 0.123138677085576 0.0868864319487876 0.0353927927011283 0.12788587465566 0.0570003030518357 0.0578742534147398 0.0573671159889393 0.0384912685033109 0.0616701418784926 0.0563363431065514 0.0722406475677549 0.0728684675869302 0.0340416657272671 0.118806016783026
2 9607482 0.0714675206036349 0.0315959706193422 0.0657258890079655 0.122907527159028 0.0162721005289125 0.0239446764051536 0.0277561580793849 0.0829624600005868 0.0397965074878221 0.0269535074161939 0.0513121056697189 0.158415854405019 0.110412526036883 0.170477196580354
14 94064749.5 0.0574885962989397 0.0848149106675489 0.088456662903638 0.0645245541196529 0.0567680201753517 0.0433785093638364 0.042118113028991 0.0808600339739675 0.0489606729976673 0.0439452451383295 0.0503685706621545 0.0889153465538325 0.157665405846768 0.0917353582693224
19 52209783 0.057087141761319 0.096882711200244 0.047919188931915 0.0494163747770395 0.257377337042411 0.0470504514662255 0.0657283069785496 0.0598227405894476 0.0319307228080552 0.0392872656026173 0.0562738556232267 0.0696930769017495 0.0420136225428131 0.079517203774387
9 121270318.5 0.10206093660791 0.0231293023281804 0.0349411222893795 0.0679284934762373 0.132486889058412 0.017603542792943 0.019715269427245 0.206684238781091 0.0299381766642685 0.0194064403060554 0.0298986269224172 0.0608705942274883 0.0165980372115173 0.238738329906856
7 6465071.5 0.113379491052284 0.0324871501136014 0.0135539305709704 0.149170256376527 0.0183736073467083 0.0262706277702809 0.0996160420571804 0.0665199074721794 0.0182993353869013 0.0181227603452713 0.177033909228153 0.107040346045569 0.0739764136245846 0.0861562226097888
12 120484171.5 0.0620033830364885 0.0420854003496752 0.103168398459155 0.0843626956262171 0.0353832923483675 0.0481585194240309 0.0576679791332035 0.0820990462111413 0.0300919674205057 0.00939219058719848 0.0792064078691134 0.0590076900115137 0.254111526488607 0.0532615030347827
16 11592051.5 0.0137667492838961 0.0195961956775289 0.0469440027108858 0.0476637636931102 0.017757509224027 0.0323749438449622 0.026673520833345 0.183187504130326 0.0746741620576978 0.0249763835762868 0.175348048064403 0.166412608949941 0.00911841201937558 0.161506195934215
2 206161256.5 0.0621077900391856 0.0369368836241165 0.0893730558350036 0.0954322896699712 0.0270182651808894 0.0266323267200634 0.0687330669500313 0.0755435943220734 0.157203026786702 0.106272014573036 0.05396706143883 0.0851303056889902 0.0336692713224567 0.0819810478486504
20 1381075 0.123708939181352 0.0629379585962239 0.0512332057452876 0.0642046693234686 0.0641719811324676 0.0364186065264202 0.0388635190935231 0.115462368870759 0.0417759951818518 0.0544126223558474 0.123022378981951 0.047333125509666 0.066979342289258 0.109475287211924
5 134162986.5 0.0752634620077208 0.0717738437731656 0.05936081511303 0.0809331718852594 0.0291310238699773 0.0546651871445502 0.0334399852046114 0.0520840333365364 0.0457270577217598 0.0519296101746816 0.109197493323221 0.0884138103873537 0.096202435704532 0.151878070353601
20 32835179.5 0.0537641306672753 0.0403348097947115 0.14922559139807 0.11445375311803 0.0246075422340896 0.0350890932511884 0.0274784896467358 0.0562270798671041 0.0382362017415886 0.0307174705602987 0.160229451203662 0.0504292143554187 0.134671817045886 0.0845353551159417
12 57707756 0.0751923425690199 0.0328527261530887 0.0472798738318805 0.105401605012336 0.0491791828903271 0.0442437971993778 0.116685821362919 0.106245749769861 0.0498946448748741 0.0467043240377212 0.0929769496635216 0.0782626562342948 0.0372086210681369 0.117871705332641
19 49489931 0.0804372374639451 0.0581855524225752 0.077569213580687 0.0620854080604463 0.0804935332655427 0.030510146747346 0.0712052854472764 0.0877401107410263 0.0849615912973505 0.0696363205187149 0.0495855259247027 0.116886091982113 0.0326130035958696 0.0980909789524041
8 73293015.5 0.104166282758454 0.0399200130957631 0.0620429762088961 0.109705882057807 0.00323156727196478 0.0404275431401776 0.00538843958610095 0.0424186376014629 0.121333695331686 0.1239881742109 0.0455032663530831 0.111146466571914 0.0308684110987046 0.159858644713085
10 102482296.5 0.0668228366610031 0.043149182809904 0.0966273481497375 0.0360375143376846 0.125685836655507 0.036653524757403 0.0594158209734029 0.0990944904789876 0.0327790388039961 0.0279254959711018 0.143187768281977 0.0730386481832403 0.100795506077511 0.0587869878585444
11 34077170.5 0.126955418090441 0.0448807659933603 0.0953324161923052 0.128857059580287 0.016652431082221 0.0462435068816527 0.0149356227577016 0.0312609725449118 0.045920937040399 0.040077112575381 0.121595168328892 0.0596494200808947 0.156415173423945 0.0712239954276084
23 154399561.5 0.0540515874781074 0.0497143299368764 0.0850572947611188 0.0593778530375143 0.114089944348465 0.0359464387087563 0.0743527505455247 0.074947891101514 0.107586217624664 0.117435604832524 0.063507476673097 0.0696433260713204 0.033717856375121 0.0605714285053962
12 110731309.5 0.0489905829737646 0.0476835375263771 0.0708481622626059 0.232354886460269 0.015369594658436 0.0168341154609304 0.0114957009228056 0.0384869767881327 0.0709741425466914 0.0279518755314793 0.0391798683506031 0.100028345563919 0.155254952599918 0.124547258354068
2 65249503 0.109437207741361 0.0115506318557818 0.0828686870262199 0.474324883134849 0.0153124166006854 0.0122402470335607 0.0166485826097964 0.0158846263782688 0.101217782251881 0.0135447069966705 0.0510294683135903 0.032401569916332 0.00980207462094064 0.0537371155200629
6 63552591 0.0317653101989809 0.100835158755341 0.0117606497244232 0.42486482891292 0.0247409675549706 0.0256246305264753 0.0424241393700122 0.0260943893436125 0.0161943333486348 0.122866971732508 0.0699665986440207 0.0340427902438962 0.0189809784007496 0.0498382532434544
12 48946605 0.0756962803136312 0.0489163857956806 0.0673411374665319 0.273597383336649 0.0699873586160152 0.0515802697308439 0.0734761695489143 0.076843462953373 0.0348012327149569 0.0244085281638075 0.0440328402485531 0.0471662716919283 0.05658249683095 0.0555701825881648
12 56722028 0.0973762046763019 0.0352199920473852 0.0601706034890802 0.0931515630729214 0.0389030489354651 0.0241735582485781 0.0398521426271385 0.0406642383649972 0.137543434175735 0.1247819601852 0.0516605125348482 0.0689983650120185 0.0667461714201388 0.120758205210192
3 49357767 0.0603166301388059 0.0450413428969914 0.0308494387992296 0.0250963007239158 0.157850169356445 0.0247144185428704 0.127710533306768 0.251025270638241 0.031231320980275 0.00633426313342631 0.0404463040446304 0.10644135617985 0.0118092913595006 0.0811333598990503
23 78020017 0.08213805537821 0.0520187173561355 0.0952647661311056 0.0841850773002988 0.0926102110645269 0.0724909036847427 0.0572243125403412 0.0769431366809271 0.049091206849735 0.0437725039732215 0.104944626594281 0.0679381143792626 0.0272877425404978 0.0940906255267146
1 153991458.5 0.0752509746660282 0.0576861266904249 0.0872486948142185 0.0740622787353874 0.0468218689496523 0.0499546086205428 0.0378910783170228 0.072432596004971 0.102115620216645 0.0894116160800063 0.0536358641842919 0.0828044527621169 0.0698712882631701 0.100812931695522
11 6616108 0.0414410077667198 0.0916415727890698 0.0419659870808595 0.0419123142029051 0.0686617142206025 0.058208569153446 0.0603369316589861 0.0982487870797226 0.0703553971709977 0.031569657274807 0.265536664804289 0.0500696298294088 0.0277203868925175 0.0523313800756688
1 1838201 0.0830985476516954 0.0398461997446215 0.107872270916831 0.0923779521754482 0.0197101463428568 0.0317088584256264 0.0168644580854077 0.168398452236643 0.0619469883777906 0.0134293073611105 0.0947780279801802 0.118824985344897 0.0469501177685618 0.10419368758833
11 72041778.5 0.0431289827177163 0.0502537846799883 0.0706789630113678 0.0451157190120349 0.0686709586311424 0.0428432395720441 0.0646160175598959 0.114344433623633 0.0485658140420805 0.0325345765861997 0.07224989992254 0.174314959034345 0.04003482204919 0.132647829557822
11 61963676 0.118342050540728 0.0319487290187888 0.0239386159450496 0.0899499302596392 0.0594216678094515 0.035902467164083 0.0716876378403264 0.222870717038877 0.0459504439317906 0.0162807012435273 0.0362317402298638 0.094361144611877 0.0218096534616312 0.131304500904366
12 130874857.5 0.0904285045442519 0.0654743859536993 0.0973525721219468 0.139486061716267 0.0192403363851861 0.0209651812457275 0.0185064823115052 0.0561516692440885 0.0431537455063646 0.0185835836650457 0.0856294589035377 0.0671185753915653 0.167614632959897 0.110294810050917
14 21239315 0.0889568146389435 0.0812800530539577 0.188840275680183 0.108948673656106 0.0244830817037168 0.0661810260029237 0.0202144424521906 0.0248121114709995 0.0854530052025803 0.0416774595339194 0.11303097044204 0.0243850366084238 0.0915938680276355 0.0401431815263806
11 65196286 0.0438007154698543 0.0441497251548731 0.0529622197015967 0.066660849838583 0.0794869557630224 0.0444114824186371 0.100514789285403 0.140040136113777 0.036297007241951 0.0286187941715383 0.0769566355466364 0.136462786842335 0.0308873571241602 0.118750545327633
7 128756346 0.265611414793361 0.0285303964644309 0.0243045926057301 0.0370167071407727 0.0402055408857689 0.0267025320546551 0.0433051151496034 0.029501327695677 0.0289221435145172 0.0357009681524209 0.326127474483124 0.0387461374615158 0.0266445716736702 0.0486810779247526
17 48054937 0.0784876641183851 0.0746019600673475 0.0434411064819746 0.0543249109239486 0.140909838201715 0.0881754617661036 0.0413269760500412 0.0806747790334129 0.0432367577172457 0.0346804970430187 0.0939505489519039 0.0753616425982059 0.0521618240484461 0.0986660329982514
3 69095514.5 0.266199535763403 0.0389647812127249 0.0442931714137364 0.117338042574244 0.0190995151147159 0.00908220758527153 0.00759677336114884 0.0255865034536916 0.0937066699796536 0.0173769861208238 0.136351266123301 0.111743136823016 0.00878599291109031 0.103875417563179
8 26586104.5 0.203070867422456 0.0918332492965306 0.0666547388624128 0.0908573380393943 0.0266749076950603 0.0482100161025357 0.00460304809615979 0.205429319627202 0.0330833916169223 0.0225272848522308 0.131504041899123 0.0257315268131618 0.0172410988760755 0.0325791708007352
15 69454509.5 0.0552835613530672 0.0443880130444011 0.0774810412365166 0.05469965073423 0.146218860351581 0.0288891032939043 0.0858190378789341 0.113612102734307 0.0602925342029601 0.0386160585068406 0.0411979237018312 0.131615691874264 0.0388526330007911 0.0830337880863709
5 138773000.5 0.0673778173372749 0.0578934743885686 0.0339966962757684 0.098449855357006 0.0676364665933878 0.0562614697682693 0.0600872460044227 0.1198248024643 0.0403269771308754 0.0382295362425654 0.109477064766535 0.100430199019445 0.036921988253718 0.113086406397863
2 85542224.5 0.0979625714211586 0.048776659020103 0.0705198624460277 0.0594112534850521 0.0616660601305568 0.0627252421256456 0.0559401727911364 0.0656765397533143 0.0738348952770256 0.0392257424047268 0.0710939700508079 0.08459557040579 0.064432099201498 0.144139361487157
1 183084506 0.565895068775793 0.0123467724377359 0.0118284860182424 0.0211322748027224 0.0113873083303789 0.00679824617460234 0.0101547398474072 0.0380009333821803 0.0133305495213678 0.0151292804207895 0.210292361234539 0.0196957681054693 0.00848684482141179 0.05552136612736
2 231710218 0.038807282140252 0.0172714810359832 0.140088178441425 0.190756652359423 0.0139921541371684 0.0188408932111996 0.0325415503754214 0.104258917229747 0.0469346356957152 0.0365961512809725 0.0738402255075159 0.11780831699997 0.019419589450515 0.148843972134692
9 83974349.5 0.0697816325036553 0.0594859348531204 0.104533399794197 0.130984428404786 0.0440431004804784 0.0510269912434445 0.0428320844696297 0.062448032206388 0.0686179457801979 0.0535075967007765 0.089509541741709 0.072034498714941 0.0683197201241014 0.0828750929825751
2 200818966 0.173306272543681 0.0588974067859619 0.0713560871705734 0.112359211887992 0.006380050035668 0.0275698540123984 0.010308553285977 0.0159651960735062 0.0823478584131258 0.0369641009153111 0.121944357925831 0.117302494750274 0.0493825920083594 0.115915964191341
22 39521190 0.0904640589313588 0.0585528302448527 0.0626911249952152 0.0702702013006069 0.0238983331986509 0.0233199076220329 0.0645327299560652 0.13118777140281 0.0756716754352015 0.0440539126662442 0.130826255417423 0.11935556585758 0.0337698461643154 0.0714057868076437
20 58875455 0.0726601189418934 0.0565303862895946 0.0569617100653246 0.043421633332255 0.106582840442551 0.0367874698093592 0.0528065267312242 0.0716564750792366 0.0513546089539623 0.0277480252931898 0.057732338280169 0.0812225784977627 0.110161061442657 0.17437422684082
16 18785839 0.0622285867516815 0.0536550938168058 0.121810079626967 0.0764826705201451 0.0275677648583623 0.0305444652181362 0.0351868887382589 0.0861464719070994 0.133749469277696 0.0849239484249652 0.0541876783040722 0.10121619205816 0.0500983232899569 0.0822023672076931
4 121682470.5 0.242506734376653 0.0695288784719679 0.0242274795120324 0.0282396217355567 0.0301439651033147 0.0288174353215004 0.0109011450474865 0.135448456586668 0.0409352441872767 0.0298469200908225 0.187292984040952 0.0705949852291316 0.0294237326757652 0.0720924176208729
1 25895586 0.0551229807135488 0.0555879614805095 0.253097715879221 0.0701848331659212 0.0666103232867789 0.0525135980489202 0.0521360356408196 0.0358573397277894 0.047872545916114 0.0400046500468919 0.0564836555049013 0.0555481744597034 0.119230858060874 0.0397493280680066
9 124384454.5 0.119018019371849 0.0454924247599011 0.0962854683807156 0.0593860571865736 0.0506700911214634 0.0533750461071873 0.0794409759696171 0.0610390852334048 0.0448503394855121 0.0338119373215481 0.101203568354759 0.0645090779928688 0.132624762633369 0.0582931460812306
1 160210356.5 0.185779185736452 0.0680893851383092 0.037547834571221 0.051744185128806 0.115344015061818 0.0381525939761184 0.0272187624227607 0.0808299302805855 0.0393784859307637 0.044860101756189 0.110865457515947 0.0391397540893679 0.118591682265554 0.0424586261261083
2 10444147.5 0.00854683461875013 0.00248265196068456 0.081500172971653 0.0519321951120246 0.0135324881463544 0.0344518833560571 0.00673571966382451 0.040577114832828 0.0212653385156997 0.0437313037992715 0.0045176125841965 0.366089416169797 0.255814899981685 0.0688223682871736
15 90445240.5 0.0744001331200712 0.0282816205729626 0.0741663083708447 0.240465464384204 0.0306403542540273 0.0272043689148541 0.0320674023817619 0.0327806815947666 0.116900255261512 0.0401419271373632 0.0965428891715466 0.0583111660275449 0.0213246322226669 0.126772796585873
22 41642583.5 0.0570308417816404 0.0482410834296386 0.0745137752286979 0.0586094353712023 0.100849785309001 0.0424514540084158 0.0960562550969526 0.0794192032933051 0.046692489520635 0.0394712047913446 0.0727666406499234 0.0907413105256116 0.107438129704037 0.0857183912895943
12 51255043 0.0372832070298875 0.0521741548598378 0.112883635248418 0.107547906246162 0.0504709714088667 0.0873386094504377 0.0441937620444587 0.0926912342318821 0.0679006158596854 0.0272362582872232 0.0812020805934771 0.083230410012516 0.0297941163534553 0.126053038373692
1 150577144.5 0.0637456179481233 0.0468469628607583 0.056788358794489 0.0877866787656097 0.0603810701119347 0.0382305897751905 0.0616192378410298 0.101475362102661 0.0708765680704775 0.0339991535296602 0.194382403309054 0.0635024590762401 0.0408069674782356 0.079558570336537
7 5545466 0.0851686877059519 0.0624463776233014 0.108875449324978 0.0692677620791911 0.0494526105308605 0.0597052285103483 0.0511516934056766 0.079482579117623 0.0670674077159849 0.0533230138961211 0.0692450663886018 0.0827740259546887 0.10297617136385 0.0590639263828221
1 109226050 0.0890034136479634 0.047525933781858 0.0729460113346369 0.0592914194809929 0.0478739270208464 0.0405826401087065 0.0731117224008219 0.11919596990687 0.0523481258078414 0.040566069002088 0.138451595797567 0.0675438305770059 0.0701123521028734 0.0814469890299274
12 49736329.5 0.0792414556199233 0.0509980241819468 0.0551500407224387 0.0934446209409269 0.0138291724648891 0.144075708816782 0.0935472049117952 0.0485936899879936 0.0327574811158947 0.0278611220322326 0.128096097754283 0.0416177900639694 0.0921387836718144 0.0986488077151103
5 177341617.5 0.0451269240534773 0.0407586100984891 0.0486584906548914 0.0628289240778468 0.0810687880300413 0.0409914872423897 0.131615186779775 0.102407099698466 0.0427829161735589 0.031367825137471 0.0642796407229669 0.097242226149399 0.0625976496143303 0.148274231566898
2 197501660.5 0.13512417067447 0.229325986725683 0.0296915919623697 0.184357911453775 0.00498151089316958 0.0616078821975567 0.0135038917099926 0.0084652157246852 0.0721590533000438 0.0785125639461749 0.0411620809049815 0.0493411870357088 0.00933904237751013 0.0824279110938792
9 127449540 0.0645706634350246 0.0478221888347081 0.076327389893827 0.0760905557110404 0.0586052722294834 0.0329226805514699 0.0623206209898879 0.121914827636435 0.0889773625784729 0.0783962182828934 0.0475499627482891 0.123258763046785 0.0379805773860492 0.0832629166756342
2 73243220.5 0.0450088161598664 0.0523401491013704 0.0871562470999474 0.0328981965539642 0.0549231292727442 0.033006465183902 0.0687196461162496 0.112429238716862 0.0356203792495437 0.0211123828378755 0.0454728245738856 0.170291087945061 0.139759334302595 0.101262102886132
17 2639412.5 0.0784574738366543 0.0402985428546856 0.0463972757522743 0.104500684192767 0.0511390357476184 0.0354920931363227 0.0424665707788365 0.0392239025956881 0.0665403296220132 0.0304336623737976 0.0908784852378798 0.0510785809892553 0.191032835583745 0.132060527298462
23 120448596 0.0670709588257333 0.0478698678369251 0.0376083735989682 0.064155093946104 0.0297204532001827 0.0645264592804035 0.0874677943183735 0.0535686940306881 0.0355154479535235 0.0175785719057504 0.144702322769342 0.187591200446684 0.0227537513129916 0.139871010574331
12 6869033.5 0.0518193611879134 0.0710050170631691 0.0523827783398623 0.0650280111400272 0.174692481776271 0.0796014035191977 0.0919915581469815 0.0652949738163389 0.0410592726659788 0.0386633820547019 0.0696425348159834 0.0622211932438409 0.0589666677553191 0.0776313644744147
11 119050707.5 0.0276062849284607 0.0391345056617023 0.065409485911578 0.0702226643649238 0.0487754922901366 0.0220031015010095 0.0989261784240864 0.0548614565350967 0.0337946572256196 0.0283231412938526 0.164072329344296 0.0716271176522223 0.102466571085818 0.172777013781198
17 32366001.5 0.0441383441182181 0.0425919677509787 0.148004775079787 0.107676251379818 0.0309515412787126 0.0281948320965558 0.0279273958327521 0.0812220933772002 0.0738180692628765 0.0254685056096088 0.130569289332825 0.0854498697674902 0.100655401575412 0.0733316635377642
10 100356029.5 0.904648262741678 0.0196770656584035 0.00732444111120198 0.00778542907776315 0.0038880472970729 0.00204157490743098 0.0223816805275201 0.00770874320575639 0.00360286044273593 0.00155672264519612 0.00184270178493977 0.00987001080359732 0.00587111030369522 0.00180134949300888
20 62387811.5 0.0403164445790121 0.0320132801677059 0.165654993106607 0.0543793060297751 0.0709739337090871 0.0304362460774823 0.0604880376628945 0.164569639591404 0.0769177069326434 0.0550506378239529 0.0410666231828284 0.0966487396941237 0.0385885431191598 0.0728958683233237
3 47969981 0.102956041326482 0.04562268313642 0.0552774842553376 0.0559111752771433 0.0909229528245977 0.050550410975964 0.0577181654260786 0.116336490235327 0.0500035081730866 0.0464817784005375 0.0689240815485436 0.0852906713416668 0.0890478751725397 0.0849566819062748
23 153712528.5 0.0989139472043234 0.0563032633548119 0.0710870920806485 0.0386873830804407 0.0684369154022033 0.0273591768863022 0.0649033464976096 0.167792558719601 0.0440656828102266 0.0163167740594471 0.0661504884639368 0.154983371440449 0.0547183537726044 0.0702816462273956
8 11855986 0.0531244627120174 0.0205128627080387 0.0171837576693574 0.0255816542944177 0.0497786050680356 0.0943587324518042 0.114612706748257 0.0695468777020043 0.0509689884543844 0.011458877605208 0.0726616843180093 0.0437384035300353 0.00747174138035723 0.369000645358073
16 75638058.5 0.0510381119118283 0.0302219237477583 0.0705812574820458 0.087003762601963 0.128028912163143 0.0358489661945788 0.0690303098884231 0.0794326175763623 0.0432397986212023 0.0176474166692414 0.0498916239139353 0.0866549542083046 0.125820546449431 0.125559798571783
1 220007565 0.161167672201918 0.0491209772111569 0.0532750684500796 0.0838437744696057 0.0653741385512788 0.0415875812094156 0.0676766341247124 0.056259503549346 0.0757572989602065 0.0539162731337866 0.0563044135020971 0.0854542810415049 0.04836032189683 0.101902061698062
1 173483072.5 0.172258918464369 0.04344477328385 0.0373086248368136 0.0932985379870265 0.0583096089841112 0.0301187750236333 0.143775307368148 0.070783079526438 0.0177689971755587 0.0301570710840693 0.0678160675085917 0.0962699315682219 0.0916723016480824 0.0470180055410858
7 100676370.5 0.0429049399724464 0.0380721205362024 0.0498261497080627 0.0363117496555796 0.0813597498305233 0.0339718778018325 0.0779374138949026 0.173861225917908 0.0368693826674539 0.0329112816812089 0.0773251109799034 0.153272540401058 0.0305386078855868 0.134837849067331
4 99949220.5 0.0293750864084116 0.0171894828497967 0.244570614903744 0.171254669586971 0.0175224202072063 0.0241113821957401 0.0179478387765161 0.0850755834752231 0.0517954686276411 0.0192296469832978 0.0539284581110253 0.11412424556596 0.0982549347620367 0.0556201675464295
17 16123671 0.0614447482799882 0.0584529814153698 0.141091965163997 0.0731554219129961 0.0486009319568373 0.0706882682394619 0.0579560006487695 0.0542287041454609 0.0807037660956503 0.0476132268216332 0.0746746364961669 0.0758291078158431 0.070715900663946 0.0848443403438801
23 154361581 0.082831179666364 0.0118919493779006 0.0181176904087442 0.108043058506251 0.0243074790205758 0.00867741962938086 0.00865751634466284 0.210985578044411 0.0268831522987024 0.0600058168076054 0.0357613773763264 0.348904882102012 0.0121233610132512 0.0428095394038122
16 58574918 0.0535792438184322 0.0566425280944895 0.0890079456404295 0.0859414433214883 0.0479711702364189 0.0452857622080845 0.0551718824965772 0.0506417557641974 0.09935990201547 0.0473615949010598 0.0548416917934055 0.059486205322838 0.18396995323111 0.070738921155999
1 54868411 0.172720212400889 0.486047645709538 0.00361226001047555 0.00726064262105586 0.00635757761843698 0.00456950891325158 0.0987953112865064 0.109198620116676 0.00381093431105171 0.00583379991691802 0.00507522531471815 0.0735275525132299 0.0173749706503874 0.00581573861686564
11 7986056.5 0.0707338735484431 0.0680311708457404 0.061047019325165 0.0698308031089488 0.085438463749722 0.0691572969718665 0.093327855248385 0.0727587310368767 0.0640507455076992 0.0623247419605035 0.070056028334174 0.0735838336831714 0.0645748246741624 0.0750846120051418
